396
00000001
1
1
0
2
11 35
0

w3203
110
00000002
2
1
0
3
40 42 30
0

x1202
60
00000003
3
1
0
2
16 34
0

w6101
100
00000004
1
2
0
2
36 46
0

x3206
110
00000005
2
2
0
1
22
0

w6402
120
00000006
3
2
1
3
13 21 14
0

x1204
50
00000007
1
3
1
2
35 31
0

w2304
120
00000008
2
3
1
3
33 43 45
0

w2205
70
00000009
3
3
1
3
42 47 31
0

x6110
50
00000010
4
3
1
2
11 13
0

w2407
70
00000011
5
3
2
3
27 43 46
0

x1407
80
00000012
1
4
2
2
48 8
0

w6403
80
00000013
2
4
2
3
12 38 36
0

x1203
50
00000014
3
4
2
3
17 42 1
0

x5509
50
00000015
4
4
2
2
32 10
0

w6509
50
00000016
1
5
3
2
3 21
0

x4303
120
00000017
2
5
3
2
32 1
0

x5309
120
00000018
1
6
3
3
41 26 11
0

w4207
80
00000019
2
6
3
3
32 5 21
0

x1102
100
00000020
3
6
3
2
48 19
0

w1208
60
00000021
1
7
4
2
32 29
0

w6309
50
00000022
2
7
4
3
2 12 29
0

x1506
110
00000023
3
7
4
2
41 7
0

x5309
120
00000024
4
7
4
3
41 28 21
0

w2202
50
00000025
5
7
4
3
1 42 38
0

w2409
50
00000026
1
8
5
3
20 14 47
0

w4509
80
00000027
2
8
5
2
3 4
0

x2105
120
00000028
3
8
5
3
8 11 12
0

x2404
70
00000029
4
8
5
3
24 28 47
0

w1307
100
00000030
5
8
5
2
26 47
0

w2208
70
00000031
1
9
6
3
32 29 13
0

x3401
60
00000032
2
9
6
3
26 38 23
0

w5106
50
00000033
3
9
6
3
33 29 30
0

w6502
60
00000034
1
10
6
3
48 36 39
0

w1408
90
00000035
2
10
6
3
11 27 7
0

w6510
90
00000036
1
11
7
3
0 16 34
0

w1101
90
00000037
2
11
7
3
1 44 29
0

w5506
70
00000038
3
11
7
2
37 38
0

w1405
50
00000039
1
12
7
3
32 1 43
0

w2307
80
00000040
2
12
7
3
27 29 14
0

x3305
70
00000041
3
12
8
1
16
0

w4206
80
00000042
4
12
8
3
19 13 6
0

x1507
70
00000043
5
12
8
3
0 38 15
0

w2203
50
00000044
1
13
8
3
35 30 7
0

x1505
60
00000045
2
13
8
3
24 45 6
0

x4205
100
00000046
3
13
9
2
48 33
0

w5402
100
00000047
4
13
9
2
22 39
0

x1403
110
00000048
5
13
9
2
0 31
0

w6105
80
00000049
1
14
9
2
32 11
0

x4205
70
00000050
2
14
9
2
9 46
0

x1107
50
00000051
3
14
10
3
48 17 7
0

w5102
80
00000052
4
14
10
3
33 18 27
0

w3408
100
00000053
1
15
10
2
24 11
0

x4401
120
00000054
2
15
10
2
30 47
0

x2204
100
00000055
3
15
10
3
40 17 39
0

w1504
90
00000056
1
16
11
2
33 30
0

w4409
60
00000057
2
16
11
2
45 47
0

x2201
60
00000058
3
16
11
3
18 6 31
0

w6405
50
00000059
4
16
11
2
41 3
0

w5504
50
00000060
1
17
11
2
26 6
0

w3509
120
00000061
2
17
12
2
48 32
0

x6101
70
00000062
1
18
12
2
48 3
0

w2303
110
00000063
2
18
12
2
16 41
0

x6103
70
00000064
3
18
12
3
5 46 15
0

w4503
50
00000065
4
18
12
3
17 2 31
0

w4406
80
00000066
5
18
13
3
42 28 39
0

x3203
80
00000067
1
19
13
3
47 38 31
0

x4503
50
00000068
2
19
13
3
9 2 15
0

w1206
80
00000069
1
20
13
3
1 13 21
0

w6402
100
00000070
2
20
13
3
4 28 36
0

x3305
50
00000071
1
21
14
3
0 8 3
0

w1102
50
00000072
1
22
14
3
1 12 7
0

x1403
50
00000073
2
22
14
3
9 34 41
0

x1304
120
00000074
1
23
14
3
8 0 14
0

x2302
70
00000075
2
23
14
3
28 21 46
0

w2204
110
00000076
1
24
15
3
18 31 23
0

x5109
90
00000077
2
24
15
1
29
0

x6502
110
00000078
3
24
15
2
29 13
0

w4309
70
00000079
1
25
15
3
11 47 15
0

x4408
60
00000080
2
25
15
3
2 10 30
0

x1509
80
00000081
3
25
16
2
45 14
0

x4507
90
00000082
1
26
16
2
48 23
0

w4409
50
00000083
2
26
16
3
1 43 20
0

x5504
90
00000084
3
26
16
2
17 46
0

x3201
110
00000085
4
26
16
2
5 7
0

w2204
70
00000086
1
27
17
2
10 6
0

w2505
110
00000087
2
27
17
3
11 21 39
0

w2507
70
00000088
3
27
17
3
40 20 15
0

x1401
60
00000089
4
27
17
2
16 7
0

w5404
50
00000090
1
28
17
3
24 20 46
0

x2206
120
00000091
2
28
18
2
20 23
0

w5410
120
00000092
3
28
18
3
0 26 37
0

x6204
90
00000093
4
28
18
2
28 44
0

w3308
110
00000094
1
29
18
1
14
0

x3505
80
00000095
2
29
18
3
9 13 39
0

w6203
50
00000096
1
30
19
2
8 38
0

w4303
100
00000097
2
30
19
3
0 25 37
0

w3209
90
00000098
1
31
19
2
1 7
0

x2104
80
00000099
2
31
19
2
32 39
0

w2202
120
00000100
3
31
19
3
8 42 38
0

w1409
110
00000101
1
32
20
2
24 19
0

w3208
50
00000102
2
32
20
2
24 11
0

x6209
100
00000103
3
32
20
3
3 38 15
0

x3404
60
00000104
4
32
20
3
16 40 43
0

x3110
90
00000105
5
32
20
2
48 40
0

x4510
60
00000106
1
33
21
2
2 15
0

x2205
110
00000107
2
33
21
2
18 4
0

x5508
80
00000108
1
34
21
3
9 18 39
0

x1209
60
00000109
1
35
21
2
17 26
0

w3406
120
00000110
1
36
21
3
18 3 28
0

w5308
110
00000111
2
36
22
2
41 15
0

x4503
90
00000112
3
36
22
3
2 35 44
0

w5310
90
00000113
1
37
22
2
9 29
0

x4310
120
00000114
2
37
22
3
14 30 15
0

w3108
90
00000115
3
37
22
3
17 2 39
0

x6406
100
00000116
4
37
23
2
40 20
0

x1504
100
00000117
5
37
23
3
38 13 30
0

x5306
70
00000118
1
38
23
3
16 1 38
0

w5504
120
00000119
2
38
23
3
27 28 7
0

w2409
100
00000120
3
38
23
3
3 45 14
0

w2407
110
00000121
4
38
24
3
10 43 44
0

x4503
120
00000122
5
38
24
3
17 22 1
0

x2302
110
00000123
1
39
24
3
32 24 43
0

w5201
50
00000124
2
39
24
2
44 46
0

x2201
50
00000125
3
39
24
2
0 42
0

x6306
50
00000126
4
39
25
2
13 31
0

x4508
120
00000127
1
40
25
3
18 46 31
0

w1409
80
00000128
2
40
25
3
33 35 22
0

x5202
110
00000129
3
40
25
2
6 15
0

x3305
70
00000130
1
41
25
2
36 14
0

x3208
110
00000131
2
41
26
2
44 21
0

x3209
80
00000132
3
41
26
2
19 14
0

x2207
80
00000133
4
41
26
3
43 12 30
0

w4304
110
00000134
5
41
26
2
16 11
0

w1508
120
00000135
1
42
26
3
20 5 14
0

x6405
120
00000136
2
42
27
2
1 27
0

x1101
70
00000137
3
42
27
2
35 19
0

x2406
70
00000138
4
42
27
3
5 45 37
0

w3209
90
00000139
1
43
27
3
24 9 34
0

x2204
80
00000140
1
44
27
2
48 43
0

w2102
90
00000141
2
44
28
2
44 4
0

w3307
110
00000142
3
44
28
3
40 5 38
0

x2402
60
00000143
1
45
28
3
19 38 15
0

w4502
50
00000144
2
45
28
2
27 7
0

w1307
50
00000145
3
45
28
2
16 14
0

x6108
80
00000146
4
45
29
2
2 7
0

w3306
100
00000147
1
46
29
2
40 5
0

x2403
80
00000148
2
46
29
2
13 46
0

x3106
120
00000149
3
46
29
1
24
0

x6507
110
00000150
4
46
29
3
10 20 47
0

x1404
70
00000151
5
46
30
3
34 3 21
0

w1401
50
00000152
1
47
30
3
24 40 23
0

x1205
100
00000153
1
48
30
2
0 1
0

w2308
70
00000154
2
48
30
2
12 31
0

w4206
120
00000155
3
48
30
3
25 12 28
0

w3107
100
00000156
4
48
31
3
35 36 30
0

w3501
60
00000157
5
48
31
3
33 11 28
0

w4109
90
00000158
1
49
31
2
34 35
0

x5103
70
00000159
2
49
31
2
24 6
0

x2403
60
00000160
3
49
31
3
17 4 5
0

x6505
90
00000161
4
49
32
3
0 48 23
0

x3302
70
00000162
5
49
32
2
27 15
0

x6503
120
00000163
1
50
32
2
36 39
0

w4404
80
00000164
1
51
32
2
22 15
0

w2104
90
00000165
2
51
32
2
29 31
0

w1501
50
00000166
3
51
33
3
16 43 21
0

w4302
110
00000167
4
51
33
2
28 22
0

x5401
50
00000168
5
51
33
3
16 21 23
0

x4502
70
00000169
1
52
33
2
3 20
0

x3505
50
00000170
2
52
33
3
42 27 13
0

x5508
90
00000171
3
52
34
2
32 36
0

x2103
110
00000172
1
53
34
2
9 11
0

w2101
120
00000173
1
54
34
2
18 20
0

x5405
50
00000174
2
54
34
2
24 4
0

x3107
80
00000175
3
54
34
1
36
0

w6206
120
00000176
4
54
35
3
45 5 30
0

w1506
50
00000177
1
55
35
3
1 21 6
0

w1403
60
00000178
2
55
35
2
11 27
0

w1405
90
00000179
3
55
35
2
25 34
0

x4506
90
00000180
1
56
35
3
40 10 29
0

x6506
50
00000181
2
56
36
3
25 30 7
0

x1305
80
00000182
3
56
36
2
33 11
0

x2407
110
00000183
4
56
36
3
8 43 36
0

x4210
80
00000184
1
57
36
2
17 46
0

w1303
110
00000185
2
57
36
3
33 13 1
0

w5409
80
00000186
3
57
37
2
34 14
0

w5407
80
00000187
4
57
37
3
40 10 12
0

x4206
60
00000188
1
58
37
2
4 47
0

x3301
60
00000189
2
58
37
3
48 25 12
0

w5402
50
00000190
3
58
37
3
38 43 6
0

x4506
110
00000191
4
58
38
3
42 10 39
0

w6103
110
00000192
1
59
38
2
38 30
0

x6502
50
00000193
2
59
38
2
18 12
0

x6105
60
00000194
3
59
38
2
38 30
0

w5403
110
00000195
4
59
38
3
26 19 30
0

w5210
120
00000196
5
59
39
2
21 30
0

x2503
110
00000197
1
60
39
3
32 43 28
0

w4309
110
00000198
2
60
39
2
8 38
0

x1202
50
00000199
3
60
39
3
33 18 30
0

x5408
70
00000200
4
60
39
2
38 14
0

w1510
50
00000201
1
61
40
3
10 6 47
0

x3103
60
00000202
2
61
40
3
24 9 28
0

w4301
100
00000203
1
62
40
2
1 5
0

x4110
90
00000204
2
62
40
3
16 13 31
0

w5406
100
00000205
3
62
40
2
35 37
0

w5305
50
00000206
1
63
41
2
24 19
0

x4306
80
00000207
1
64
41
2
35 47
0

w1408
100
00000208
2
64
41
3
16 41 23
0

w4406
80
00000209
3
64
41
2
34 14
0

x3110
120
00000210
4
64
41
2
11 4
0

w1206
60
00000211
5
64
42
2
0 12
0

w3203
90
00000212
1
65
42
2
8 12
0

x5109
80
00000213
2
65
42
2
18 27
0

w5509
50
00000214
3
65
42
2
35 5
0

x4310
80
00000215
1
66
42
3
43 12 15
0

w1102
90
00000216
2
66
43
3
24 37 14
0

x2404
100
00000217
3
66
43
3
32 8 36
0

w4206
50
00000218
4
66
43
2
24 7
0

x1110
90
00000219
5
66
43
2
9 21
0

x3309
100
00000220
1
67
43
3
0 18 14
0

w2404
70
00000221
2
67
44
2
24 18
0

w3509
60
00000222
3
67
44
2
1 6
0

x1403
120
00000223
1
68
44
2
18 29
0

w3408
70
00000224
2
68
44
2
38 30
0

w4410
90
00000225
3
68
44
3
9 42 2
0

x4207
60
00000226
4
68
45
3
9 10 21
0

w6508
80
00000227
1
69
45
2
7 15
0

x3502
90
00000228
2
69
45
2
1 22
0

w5201
90
00000229
3
69
45
3
0 27 37
0

x4108
80
00000230
1
70
45
2
2 29
0

w6108
50
00000231
2
70
46
3
24 1 8
0

x5403
90
00000232
1
71
46
2
1 38
0

w2502
60
00000233
2
71
46
3
20 37 6
0

w1504
90
00000234
3
71
46
3
41 29 31
0

w6404
50
00000235
4
71
46
3
44 37 38
0

x2306
110
00000236
5
71
47
2
24 45
0

x4305
100
00000237
1
72
47
3
8 20 29
0

w5401
70
00000238
1
73
47
3
11 14 47
0

w3404
70
00000239
2
73
47
3
34 5 14
0

w4405
50
00000240
3
73
47
2
3 29
0

x1404
120
00000241
1
74
48
3
1 22 23
0

w4402
100
00000242
2
74
48
3
18 42 35
0

x3201
120
00000243
3
74
48
2
11 5
0

x5109
80
00000244
4
74
48
2
35 19
0

x5102
120
00000245
5
74
48
3
41 22 9
0

x1510
60
00000246
1
75
49
3
27 36 15
0

x4208
70
00000247
2
75
49
2
18 21
0

w1108
90
00000248
3
75
49
2
20 38
0

w1207
60
00000249
1
76
49
3
27 38 47
0

x4301
100
00000250
2
76
49
2
0 44
0

w2103
110
00000251
1
77
50
3
3 20 13
0

w6403
110
00000252
2
77
50
2
41 2
0

x5102
80
00000253
3
77
50
2
28 12
0

x4504
70
00000254
4
77
50
2
11 4
0

x3209
60
00000255
1
78
50
2
2 34
0

w4407
80
00000256
2
78
51
3
2 21 39
0

x6508
120
00000257
3
78
51
3
42 19 44
0

w4309
80
00000258
1
79
51
3
48 27 38
0

w6307
120
00000259
1
80
51
3
25 2 11
0

w6502
90
00000260
2
80
51
2
9 46
0

w6208
110
00000261
3
80
52
3
18 28 42
0

x3510
90
00000262
4
80
52
3
18 12 31
0

w3105
110
00000263
5
80
52
1
37
0

x2203
50
00000264
1
81
52
2
24 27
0

w1307
110
00000265
1
82
52
2
32 45
0

w2106
70
00000266
1
83
53
2
16 46
0

x6103
60
00000267
1
84
53
3
40 44 14
0

w3402
120
00000268
1
85
53
3
16 46 15
0

w1407
100
00000269
2
85
53
2
33 1
0

x3508
120
00000270
3
85
53
3
25 2 13
0

w5410
60
00000271
1
86
54
3
0 2 22
0

w1108
80
00000272
2
86
54
2
1 45
0

w2406
60
00000273
1
87
54
3
8 45 22
0

x3210
90
00000274
2
87
54
2
10 38
0

w3503
120
00000275
3
87
54
3
32 34 4
0

x2101
60
00000276
1
88
55
2
0 28
0

x4408
90
00000277
2
88
55
3
27 35 13
0

w2508
100
00000278
3
88
55
3
0 10 15
0

w6107
90
00000279
1
89
55
2
16 4
0

x1102
70
00000280
2
89
55
3
2 11 45
0

w1502
50
00000281
3
89
56
3
19 28 23
0

x1302
110
00000282
4
89
56
2
10 44
0

w5105
70
00000283
5
89
56
2
1 29
0

x5106
50
00000284
1
90
56
2
9 46
0

w4308
70
00000285
2
90
56
2
8 30
0

x2508
50
00000286
3
90
57
2
2 20
0

x2404
120
00000287
4
90
57
3
16 20 38
0

x4107
90
00000288
5
90
57
3
0 24 20
0

w1309
60
00000289
1
91
57
3
16 33 4
0

x2403
110
00000290
1
92
57
3
16 29 6
0

w2204
120
00000291
2
92
58
3
17 29 39
0

x1405
120
00000292
3
92
58
3
10 5 23
0

x3502
110
00000293
4
92
58
3
8 25 41
0

w1403
70
00000294
5
92
58
2
16 7
0

x2108
60
00000295
1
93
58
3
41 46 6
0

w1202
70
00000296
2
93
59
2
12 36
0

w3410
90
00000297
3
93
59
2
7 39
0

x6409
110
00000298
1
94
59
3
17 37 5
0

x4509
110
00000299
2
94
59
2
10 6
0

x2306
120
00000300
3
94
59
2
1 39
0

x3201
110
00000301
1
95
60
2
12 31
0

w5304
110
00000302
2
95
60
2
8 11
0

w2406
50
00000303
3
95
60
2
37 13
0

x4306
80
00000304
1
96
60
2
18 12
0

x6407
70
00000305
2
96
60
3
18 43 34
0

w5405
60
00000306
1
97
61
2
35 30
0

w6301
120
00000307
2
97
61
2
5 29
0

w2310
80
00000308
1
98
61
2
2 5
0

x6108
60
00000309
2
98
61
3
16 12 13
0

x2508
80
00000310
1
99
61
2
2 22
0

w4505
110
00000311
2
99
62
3
42 10 37
0

w1305
120
00000312
1
100
62
3
24 34 6
0

w2506
70
00000313
2
100
62
2
16 14
0

w2403
90
00000314
3
100
62
3
24 43 38
0

x2406
70
00000315
4
100
62
3
32 43 39
0

x4508
100
00000316
5
100
63
3
34 11 12
0

x4108
80
00000317
1
101
63
3
40 42 10
0

x1210
80
00000318
2
101
63
2
27 28
0

x1407
80
00000319
3
101
63
2
16 48
0

x4403
80
00000320
1
102
63
2
11 37
0

w5204
120
00000321
1
103
64
2
4 20
0

x6210
70
00000322
1
104
64
3
26 44 23
0

w4509
100
00000323
2
104
64
3
45 13 6
0

w4101
60
00000324
1
105
64
2
40 2
0

w4505
110
00000325
2
105
64
2
42 38
0

w6402
80
00000326
1
106
65
3
42 5 30
0

x3101
120
00000327
2
106
65
3
42 13 39
0

x4107
80
00000328
3
106
65
2
14 7
0

x4310
90
00000329
4
106
65
2
36 30
0

x3506
70
00000330
1
107
65
3
25 20 22
0

w6207
100
00000331
1
108
66
3
32 35 31
0

x1405
100
00000332
2
108
66
2
33 31
0

x6206
100
00000333
3
108
66
2
34 20
0

x1307
60
00000334
1
109
66
3
42 28 23
0

w5106
50
00000335
1
110
66
3
11 44 7
0

w1301
80
00000336
2
110
67
3
17 12 21
0

w5208
120
00000337
3
110
67
3
2 28 23
0

w3306
90
00000338
4
110
67
3
2 5 47
0

w1502
100
00000339
5
110
67
2
4 36
0

x4501
90
00000340
1
111
67
2
30 31
0

x5405
70
00000341
2
111
68
2
7 39
0

w5202
50
00000342
3
111
68
2
16 28
0

x2404
120
00000343
1
112
68
2
27 46
0

w2203
110
00000344
2
112
68
3
29 14 23
0

x5304
60
00000345
3
112
68
2
4 6
0

w4204
100
00000346
4
112
69
3
9 27 7
0

w1301
110
00000347
5
112
69
3
0 30 14
0

w2101
60
00000348
1
113
69
2
35 47
0

w6202
110
00000349
2
113
69
3
5 21 7
0

w5507
110
00000350
3
113
69
3
25 44 5
0

x6107
120
00000351
4
113
70
2
8 45
0

w5410
120
00000352
5
113
70
3
48 17 34
0

x5209
70
00000353
1
114
70
2
22 47
0

w2204
70
00000354
2
114
70
2
20 39
0

x2208
50
00000355
1
115
70
3
29 46 7
0

x1202
100
00000356
2
115
71
2
3 37
0

w6503
90
00000357
3
115
71
3
18 37 14
0

w4209
120
00000358
4
115
71
2
3 6
0

x5402
60
00000359
5
115
71
3
32 24 20
0

x3506
80
00000360
1
116
71
2
33 35
0

w1408
80
00000361
2
116
72
3
8 26 4
0

w3210
90
00000362
3
116
72
2
24 38
0

x4307
120
00000363
1
117
72
2
17 28
0

w5505
110
00000364
2
117
72
2
16 33
0

w2509
50
00000365
3
117
72
2
24 1
0

x2507
120
00000366
4
117
73
2
35 5
0

x3306
90
00000367
5
117
73
2
27 47
0

x2209
120
00000368
1
118
73
2
0 5
0

w4201
90
00000369
2
118
73
2
35 28
0

w2509
110
00000370
1
119
73
2
32 31
0

x1404
90
00000371
2
119
74
2
27 28
0

w6301
90
00000372
3
119
74
3
16 1 28
0

w5510
70
00000373
4
119
74
2
6 39
0

x2510
120
00000374
1
120
74
2
34 26
0

x1104
100
00000375
1
121
74
3
8 17 15
0

w5308
90
00000376
2
121
75
3
9 34 47
0

x3504
100
00000377
3
121
75
3
41 18 11
0

x2506
80
00000378
1
122
75
2
3 29
0

w2107
90
00000379
2
122
75
2
36 5
0

w4502
50
00000380
3
122
75
2
19 29
0

x5305
90
00000381
4
122
76
2
0 39
0

x4106
80
00000382
1
123
76
2
29 39
0

w2310
100
00000383
2
123
76
2
17 35
0

x1506
80
00000384
3
123
76
3
24 13 37
0

w4107
80
00000385
1
124
76
2
28 39
0

x3210
90
00000386
1
125
77
3
32 25 10
0

x2107
60
00000387
2
125
77
3
25 26 18
0

x1501
90
00000388
3
125
77
2
36 38
0

x6309
100
00000389
4
125
77
2
13 46
0

w3201
50
00000390
5
125
77
2
9 26
0

x3304
90
00000391
1
126
78
2
28 44
0

x5305
50
00000392
2
126
78
3
48 35 14
0

w6503
100
00000393
1
127
78
3
40 48 38
0

w6201
110
00000394
1
128
78
3
1 13 30
0

w4109
50
00000395
2
128
78
3
48 21 22
0

x4302
50
00000396
3
128
79
3
1 43 36
0

x6207
90
