196
00000000
123456
鄢文英
我是一个认真负责，教学经验丰富的老师
5
00000001 00000002 00000003 00000004 00000005
00000001
123456
伍彩柔
我是一个认真负责，教学经验丰富的老师
5
00000006 00000007 00000008 00000009 00000010
00000002
123456
冷晶
我是一个认真负责，教学经验丰富的老师
5
00000011 00000012 00000013 00000014 00000015
00000003
123456
罗雅琴
我是一个认真负责，教学经验丰富的老师
5
00000016 00000017 00000018 00000019 00000020
00000004
123456
彭诗雨
我是一个认真负责，教学经验丰富的老师
5
00000021 00000022 00000023 00000024 00000025
00000005
123456
梁晶晶
我是一个认真负责，教学经验丰富的老师
5
00000026 00000027 00000028 00000029 00000030
00000006
123456
黄静
我是一个认真负责，教学经验丰富的老师
5
00000031 00000032 00000033 00000034 00000035
00000007
123456
胡晓楠
我是一个认真负责，教学经验丰富的老师
5
00000036 00000037 00000038 00000039 00000040
00000008
123456
吴微
我是一个认真负责，教学经验丰富的老师
5
00000041 00000042 00000043 00000044 00000045
00000009
123456
何欣雨
我是一个认真负责，教学经验丰富的老师
5
00000046 00000047 00000048 00000049 00000050
00000010
123456
蔡晨曦
我是一个认真负责，教学经验丰富的老师
5
00000051 00000052 00000053 00000054 00000055
00000011
123456
喻雯
我是一个认真负责，教学经验丰富的老师
5
00000056 00000057 00000058 00000059 00000060
00000012
123456
潘艺萱
我是一个认真负责，教学经验丰富的老师
5
00000061 00000062 00000063 00000064 00000065
00000013
123456
刘文
我是一个认真负责，教学经验丰富的老师
5
00000066 00000067 00000068 00000069 00000070
00000014
123456
周杨
我是一个认真负责，教学经验丰富的老师
5
00000071 00000072 00000073 00000074 00000075
00000015
123456
江斐也
我是一个认真负责，教学经验丰富的老师
5
00000076 00000077 00000078 00000079 00000080
00000016
123456
熊婧
我是一个认真负责，教学经验丰富的老师
5
00000081 00000082 00000083 00000084 00000085
00000017
123456
晏歆钰
我是一个认真负责，教学经验丰富的老师
5
00000086 00000087 00000088 00000089 00000090
00000018
123456
林慧
我是一个认真负责，教学经验丰富的老师
5
00000091 00000092 00000093 00000094 00000095
00000019
123456
彭曼秋
我是一个认真负责，教学经验丰富的老师
5
00000096 00000097 00000098 00000099 00000100
00000020
123456
陈碧漪
我是一个认真负责，教学经验丰富的老师
5
00000101 00000102 00000103 00000104 00000105
00000021
123456
万瑞雯
我是一个认真负责，教学经验丰富的老师
5
00000106 00000107 00000108 00000109 00000110
00000022
123456
胡嫣珍
我是一个认真负责，教学经验丰富的老师
5
00000111 00000112 00000113 00000114 00000115
00000023
123456
张兰楠
我是一个认真负责，教学经验丰富的老师
5
00000116 00000117 00000118 00000119 00000120
00000024
123456
熊梓岑
我是一个认真负责，教学经验丰富的老师
5
00000121 00000122 00000123 00000124 00000125
00000025
123456
李政
我是一个认真负责，教学经验丰富的老师
5
00000126 00000127 00000128 00000129 00000130
00000026
123456
孙祺斌
我是一个认真负责，教学经验丰富的老师
5
00000131 00000132 00000133 00000134 00000135
00000027
123456
杨键城
我是一个认真负责，教学经验丰富的老师
5
00000136 00000137 00000138 00000139 00000140
00000028
123456
潘长江
我是一个认真负责，教学经验丰富的老师
5
00000141 00000142 00000143 00000144 00000145
00000029
123456
冷佳晶
我是一个认真负责，教学经验丰富的老师
5
00000146 00000147 00000148 00000149 00000150
00000030
123456
陈会
我是一个认真负责，教学经验丰富的老师
5
00000151 00000152 00000153 00000154 00000155
00000031
123456
林小阳
我是一个认真负责，教学经验丰富的老师
5
00000156 00000157 00000158 00000159 00000160
00000032
123456
袁文俊
我是一个认真负责，教学经验丰富的老师
5
00000161 00000162 00000163 00000164 00000165
00000033
123456
邹伊杰
我是一个认真负责，教学经验丰富的老师
5
00000166 00000167 00000168 00000169 00000170
00000034
123456
江文辉
我是一个认真负责，教学经验丰富的老师
5
00000171 00000172 00000173 00000174 00000175
00000035
123456
辛志文
我是一个认真负责，教学经验丰富的老师
5
00000176 00000177 00000178 00000179 00000180
00000036
123456
况旭
我是一个认真负责，教学经验丰富的老师
5
00000181 00000182 00000183 00000184 00000185
00000037
123456
李欣
我是一个认真负责，教学经验丰富的老师
5
00000186 00000187 00000188 00000189 00000190
00000038
123456
罗朝旭
我是一个认真负责，教学经验丰富的老师
5
00000191 00000192 00000193 00000194 00000195
00000039
123456
罗海华
我是一个认真负责，教学经验丰富的老师
5
00000196 00000197 00000198 00000199 00000200
00000040
123456
袁安
我是一个认真负责，教学经验丰富的老师
5
00000201 00000202 00000203 00000204 00000205
00000041
123456
胡子贤
我是一个认真负责，教学经验丰富的老师
5
00000206 00000207 00000208 00000209 00000210
00000042
123456
熊伟杰
我是一个认真负责，教学经验丰富的老师
5
00000211 00000212 00000213 00000214 00000215
00000043
123456
李谦
我是一个认真负责，教学经验丰富的老师
5
00000216 00000217 00000218 00000219 00000220
00000044
123456
黄少龙
我是一个认真负责，教学经验丰富的老师
5
00000221 00000222 00000223 00000224 00000225
00000045
123456
黄聪
我是一个认真负责，教学经验丰富的老师
5
00000226 00000227 00000228 00000229 00000230
00000046
123456
晏晨欣
我是一个认真负责，教学经验丰富的老师
5
00000231 00000232 00000233 00000234 00000235
00000047
123456
游宇健
我是一个认真负责，教学经验丰富的老师
5
00000236 00000237 00000238 00000239 00000240
00000048
123456
胡航
我是一个认真负责，教学经验丰富的老师
5
00000241 00000242 00000243 00000244 00000245
00000049
123456
杜诞
我是一个认真负责，教学经验丰富的老师
5
00000246 00000247 00000248 00000249 00000250
00000050
123456
毛敏青
我是一个认真负责，教学经验丰富的老师
5
00000251 00000252 00000253 00000254 00000255
00000051
123456
李士平
我是一个认真负责，教学经验丰富的老师
5
00000256 00000257 00000258 00000259 00000260
00000052
123456
胡潇
我是一个认真负责，教学经验丰富的老师
5
00000261 00000262 00000263 00000264 00000265
00000053
123456
晏毅
我是一个认真负责，教学经验丰富的老师
5
00000266 00000267 00000268 00000269 00000270
00000054
123456
戴秦坤
我是一个认真负责，教学经验丰富的老师
5
00000271 00000272 00000273 00000274 00000275
00000055
123456
王宇君
我是一个认真负责，教学经验丰富的老师
5
00000276 00000277 00000278 00000279 00000280
00000056
123456
李思伟
我是一个认真负责，教学经验丰富的老师
5
00000281 00000282 00000283 00000284 00000285
00000057
123456
舒慧林
我是一个认真负责，教学经验丰富的老师
5
00000286 00000287 00000288 00000289 00000290
00000058
123456
胡斯杰
我是一个认真负责，教学经验丰富的老师
5
00000291 00000292 00000293 00000294 00000295
00000059
123456
晏伟业
我是一个认真负责，教学经验丰富的老师
5
00000296 00000297 00000298 00000299 00000300
00000060
123456
毕杰文
我是一个认真负责，教学经验丰富的老师
5
00000301 00000302 00000303 00000304 00000305
00000061
123456
晏玮杰
我是一个认真负责，教学经验丰富的老师
5
00000306 00000307 00000308 00000309 00000310
00000062
123456
郑露宇
我是一个认真负责，教学经验丰富的老师
5
00000311 00000312 00000313 00000314 00000315
00000063
123456
方钧杰
我是一个认真负责，教学经验丰富的老师
5
00000316 00000317 00000318 00000319 00000320
00000064
123456
刘磊
我是一个认真负责，教学经验丰富的老师
5
00000321 00000322 00000323 00000324 00000325
00000065
123456
黄梁
我是一个认真负责，教学经验丰富的老师
5
00000326 00000327 00000328 00000329 00000330
00000066
123456
闵瑞骁
我是一个认真负责，教学经验丰富的老师
5
00000331 00000332 00000333 00000334 00000335
00000067
123456
胡伟文
我是一个认真负责，教学经验丰富的老师
5
00000336 00000337 00000338 00000339 00000340
00000068
123456
卢毅
我是一个认真负责，教学经验丰富的老师
5
00000341 00000342 00000343 00000344 00000345
00000069
123456
伍亮
我是一个认真负责，教学经验丰富的老师
5
00000346 00000347 00000348 00000349 00000350
00000070
123456
游子俊
我是一个认真负责，教学经验丰富的老师
5
00000351 00000352 00000353 00000354 00000355
00000071
123456
钟媛
我是一个认真负责，教学经验丰富的老师
5
00000356 00000357 00000358 00000359 00000360
00000072
123456
李茹怡
我是一个认真负责，教学经验丰富的老师
5
00000361 00000362 00000363 00000364 00000365
00000073
123456
江雅
我是一个认真负责，教学经验丰富的老师
5
00000366 00000367 00000368 00000369 00000370
00000074
123456
陈奕涵
我是一个认真负责，教学经验丰富的老师
5
00000371 00000372 00000373 00000374 00000375
00000075
123456
黄壹群
我是一个认真负责，教学经验丰富的老师
5
00000376 00000377 00000378 00000379 00000380
00000076
123456
袁舜卿
我是一个认真负责，教学经验丰富的老师
5
00000381 00000382 00000383 00000384 00000385
00000077
123456
周艺晨
我是一个认真负责，教学经验丰富的老师
5
00000386 00000387 00000388 00000389 00000390
00000078
123456
冯蕾
我是一个认真负责，教学经验丰富的老师
5
00000391 00000392 00000393 00000394 00000395
00000079
123456
李逸琪
我是一个认真负责，教学经验丰富的老师
1
00000396
00000080
123456
张玉保
我是一个认真负责，教学经验丰富的老师
0

00000081
123456
伍涵
我是一个认真负责，教学经验丰富的老师
0

00000082
123456
邹雨琪
我是一个认真负责，教学经验丰富的老师
0

00000083
123456
晏雯霞
我是一个认真负责，教学经验丰富的老师
0

00000084
123456
汤佳佳
我是一个认真负责，教学经验丰富的老师
0

00000085
123456
胡婷
我是一个认真负责，教学经验丰富的老师
0

00000086
123456
陈红霞
我是一个认真负责，教学经验丰富的老师
0

00000087
123456
陈怡
我是一个认真负责，教学经验丰富的老师
0

00000088
123456
任佳慧
我是一个认真负责，教学经验丰富的老师
0

00000089
123456
梁紫燕
我是一个认真负责，教学经验丰富的老师
0

00000090
123456
晏敏
我是一个认真负责，教学经验丰富的老师
0

00000091
123456
袁青
我是一个认真负责，教学经验丰富的老师
0

00000092
123456
朱宝玲
我是一个认真负责，教学经验丰富的老师
0

00000093
123456
巢丽婷
我是一个认真负责，教学经验丰富的老师
0

00000094
123456
黄小芸
我是一个认真负责，教学经验丰富的老师
0

00000095
123456
漆嘉怡
我是一个认真负责，教学经验丰富的老师
0

00000096
123456
欧阳德沛
我是一个认真负责，教学经验丰富的老师
0

00000097
123456
沈萱
我是一个认真负责，教学经验丰富的老师
0

00000098
123456
傅菲
我是一个认真负责，教学经验丰富的老师
0

00000099
123456
陈淑璐
我是一个认真负责，教学经验丰富的老师
0

00000100
123456
何文静
我是一个认真负责，教学经验丰富的老师
0

00000101
123456
黄怡
我是一个认真负责，教学经验丰富的老师
0

00000102
123456
李依珊
我是一个认真负责，教学经验丰富的老师
0

00000103
123456
万昱君
我是一个认真负责，教学经验丰富的老师
0

00000104
123456
易欣妍
我是一个认真负责，教学经验丰富的老师
0

00000105
123456
钟思琪
我是一个认真负责，教学经验丰富的老师
0

00000106
123456
程影
我是一个认真负责，教学经验丰富的老师
0

00000107
123456
何懿萍
我是一个认真负责，教学经验丰富的老师
0

00000108
123456
熊昕旖
我是一个认真负责，教学经验丰富的老师
0

00000109
123456
黄岚
我是一个认真负责，教学经验丰富的老师
0

00000110
123456
黄慧
我是一个认真负责，教学经验丰富的老师
0

00000111
123456
全佳琦
我是一个认真负责，教学经验丰富的老师
0

00000112
123456
张文慧
我是一个认真负责，教学经验丰富的老师
0

00000113
123456
江芊仪
我是一个认真负责，教学经验丰富的老师
0

00000114
123456
农腾勤
我是一个认真负责，教学经验丰富的老师
0

00000115
123456
况瑾
我是一个认真负责，教学经验丰富的老师
0

00000116
123456
聂雨晨
我是一个认真负责，教学经验丰富的老师
0

00000117
123456
王传琪
我是一个认真负责，教学经验丰富的老师
0

00000118
123456
何佳玲
我是一个认真负责，教学经验丰富的老师
0

00000119
123456
晏梦琪
我是一个认真负责，教学经验丰富的老师
0

00000120
123456
曹莞怡
我是一个认真负责，教学经验丰富的老师
0

00000121
123456
李文佳
我是一个认真负责，教学经验丰富的老师
0

00000122
123456
黄逸佳
我是一个认真负责，教学经验丰富的老师
0

00000123
123456
曹小敏
我是一个认真负责，教学经验丰富的老师
0

00000124
123456
潘颖如
我是一个认真负责，教学经验丰富的老师
0

00000125
123456
胡慧婷
我是一个认真负责，教学经验丰富的老师
0

00000126
123456
曾俏莹
我是一个认真负责，教学经验丰富的老师
0

00000127
123456
卢璐
我是一个认真负责，教学经验丰富的老师
0

00000128
123456
黄靖雯
我是一个认真负责，教学经验丰富的老师
0

00000129
123456
叶淑琴
我是一个认真负责，教学经验丰富的老师
0

00000130
123456
张俊美
我是一个认真负责，教学经验丰富的老师
0

00000131
123456
黄惠君
我是一个认真负责，教学经验丰富的老师
0

00000132
123456
刘微
我是一个认真负责，教学经验丰富的老师
0

00000133
123456
李娟
我是一个认真负责，教学经验丰富的老师
0

00000134
123456
黄钰洁
我是一个认真负责，教学经验丰富的老师
0

00000135
123456
黄枭
我是一个认真负责，教学经验丰富的老师
0

00000136
123456
邹欣坤
我是一个认真负责，教学经验丰富的老师
0

00000137
123456
陈子星
我是一个认真负责，教学经验丰富的老师
0

00000138
123456
易嘉琦
我是一个认真负责，教学经验丰富的老师
0

00000139
123456
晏子豪
我是一个认真负责，教学经验丰富的老师
0

00000140
123456
朱敏
我是一个认真负责，教学经验丰富的老师
0

00000141
123456
艾家俊
我是一个认真负责，教学经验丰富的老师
0

00000142
123456
李云翔
我是一个认真负责，教学经验丰富的老师
0

00000143
123456
李中骁
我是一个认真负责，教学经验丰富的老师
0

00000144
123456
袁龙
我是一个认真负责，教学经验丰富的老师
0

00000145
123456
晏振巍
我是一个认真负责，教学经验丰富的老师
0

00000146
123456
邹文聪
我是一个认真负责，教学经验丰富的老师
0

00000147
123456
黄子鑫
我是一个认真负责，教学经验丰富的老师
0

00000148
123456
晏素明
我是一个认真负责，教学经验丰富的老师
0

00000149
123456
吕子源
我是一个认真负责，教学经验丰富的老师
0

00000150
123456
陈苏瑜
我是一个认真负责，教学经验丰富的老师
0

00000151
123456
易翠婷
我是一个认真负责，教学经验丰富的老师
0

00000152
123456
聂淑莹
我是一个认真负责，教学经验丰富的老师
0

00000153
123456
孙思艳
我是一个认真负责，教学经验丰富的老师
0

00000154
123456
鲁检梅
我是一个认真负责，教学经验丰富的老师
0

00000155
123456
曹正芳
我是一个认真负责，教学经验丰富的老师
0

00000156
123456
高乐
我是一个认真负责，教学经验丰富的老师
0

00000157
123456
郭雨欣
我是一个认真负责，教学经验丰富的老师
0

00000158
123456
罗凯玲
我是一个认真负责，教学经验丰富的老师
0

00000159
123456
彭钰
我是一个认真负责，教学经验丰富的老师
0

00000160
123456
黄婧怡
我是一个认真负责，教学经验丰富的老师
0

00000161
123456
舒琴
我是一个认真负责，教学经验丰富的老师
0

00000162
123456
罗慧
我是一个认真负责，教学经验丰富的老师
0

00000163
123456
江莹
我是一个认真负责，教学经验丰富的老师
0

00000164
123456
卢阳峰
我是一个认真负责，教学经验丰富的老师
0

00000165
123456
黄锦
我是一个认真负责，教学经验丰富的老师
0

00000166
123456
左薇
我是一个认真负责，教学经验丰富的老师
0

00000167
123456
喻紫娇
我是一个认真负责，教学经验丰富的老师
0

00000168
123456
冷万琳
我是一个认真负责，教学经验丰富的老师
0

00000169
123456
袁欣
我是一个认真负责，教学经验丰富的老师
0

00000170
123456
陈佳仪
我是一个认真负责，教学经验丰富的老师
0

00000171
123456
黄艳
我是一个认真负责，教学经验丰富的老师
0

00000172
123456
李佳欣
我是一个认真负责，教学经验丰富的老师
0

00000173
123456
罗雨晴
我是一个认真负责，教学经验丰富的老师
0

00000174
123456
刘仪
我是一个认真负责，教学经验丰富的老师
0

00000175
123456
吴俊琳
我是一个认真负责，教学经验丰富的老师
0

00000176
123456
毕姝彤
我是一个认真负责，教学经验丰富的老师
0

00000177
123456
熊小丽
我是一个认真负责，教学经验丰富的老师
0

00000178
123456
晏星月
我是一个认真负责，教学经验丰富的老师
0

00000179
123456
朱思洁
我是一个认真负责，教学经验丰富的老师
0

00000180
123456
简嘉怡
我是一个认真负责，教学经验丰富的老师
0

00000181
123456
黄颖欣
我是一个认真负责，教学经验丰富的老师
0

00000182
123456
陈爽
我是一个认真负责，教学经验丰富的老师
0

00000183
123456
江凌燕
我是一个认真负责，教学经验丰富的老师
0

00000184
123456
李天依
我是一个认真负责，教学经验丰富的老师
0

00000185
123456
丁慧
我是一个认真负责，教学经验丰富的老师
0

00000186
123456
黎亦非
我是一个认真负责，教学经验丰富的老师
0

00000187
123456
王心仪
我是一个认真负责，教学经验丰富的老师
0

00000188
123456
刘歆
我是一个认真负责，教学经验丰富的老师
0

00000189
123456
郑明懿
我是一个认真负责，教学经验丰富的老师
0

00000190
123456
黄文慧
我是一个认真负责，教学经验丰富的老师
0

00000191
123456
肖钰杰
我是一个认真负责，教学经验丰富的老师
0

00000192
123456
陈锦如
我是一个认真负责，教学经验丰富的老师
0

00000193
123456
王惠洁
我是一个认真负责，教学经验丰富的老师
0

00000194
123456
刘星雨
我是一个认真负责，教学经验丰富的老师
0

00000195
123456
杨文婕
我是一个认真负责，教学经验丰富的老师
0

